-76.152 -11.947 12.044 45
-76.036 -11.539 12.215 190
-75.935 -11.429 12.413 193
-77.746 -15.601 13.490 224
-77.839 -14.378 12.992 96
-78.106 -14.870 12.895 130
-77.891 -14.561 13.059 102
-78.077 -15.150 13.319 113
-78.102 -15.396 13.494 207
-77.200 -13.509 12.680 238
-76.868 -14.192 13.268 6
-77.190 -13.495 13.495 249
-76.905 -13.778 12.808 250
-76.893 -13.778 13.057 253
-77.084 -13.671 13.271 255
-77.085 -13.674 13.524 255
-77.088 -13.149 12.881 153
-77.073 -13.151 13.066 215
-77.115 -13.666 13.286 241
-77.152 -13.174 13.519 136
-76.940 -12.916 13.049 121
-75.963 -11.996 12.868 242
-76.622 -12.613 13.193 37
-76.604 -12.609 13.377 61
-76.054 -11.955 12.887 227
-76.033 -11.964 13.314 221
-76.145 -11.755 12.455 231
-76.030 -11.534 12.646 193
-76.118 -11.236 12.872 181
-76.152 -11.759 13.076 236
-76.163 -11.768 13.292 239
-76.182 -11.020 13.281 72
-76.012 -11.272 13.487 195
-76.098 -11.734 12.671 113
-75.941 -11.443 13.029 204
-76.009 -10.997 13.252 68
-76.138 -11.242 13.502 51
-76.961 -8.088 12.939 37
-76.709 -4.145 13.234 99
-76.686 -4.142 13.416 91
-76.515 -3.831 13.107 0
-77.741 -15.605 13.680 204
-77.827 -15.900 13.675 108
-77.855 -15.921 14.122 147
-78.025 -16.203 14.394 178
-77.214 -14.739 14.185 194
-78.098 -15.176 13.954 110
-76.997 -14.431 14.161 198
-76.902 -14.180 14.342 238
-76.751 -13.891 13.674 255
-77.106 -13.198 13.676 190
-76.818 -14.135 13.848 235
-77.120 -13.433 13.899 221
-77.019 -13.707 14.094 255
-76.860 -14.166 14.354 252
-77.132 -13.444 14.361 213
-77.057 -13.948 14.580 180
-76.227 -13.037 14.366 187
-77.090 -13.448 13.736 124
-76.844 -14.179 13.897 113
-76.903 -13.146 14.103 159
-76.851 -14.196 14.334 150
-77.150 -13.710 14.547 175
-76.522 -12.843 14.010 134
-75.954 -11.992 13.889 241
-75.961 -11.992 14.294 219
-76.262 -12.543 14.573 180
-76.326 -12.054 14.806 217
-77.365 -12.956 13.940 53
-76.005 -11.978 13.925 195
-76.010 -12.742 14.128 153
-76.007 -11.498 13.668 201
-76.186 -11.021 13.903 84
-76.008 -11.492 14.510 179
-76.115 -11.773 13.713 119
-76.200 -11.046 13.898 45
-76.133 -11.792 14.146 119
-75.960 -11.477 14.330 150
-75.957 -11.481 14.516 136
-76.140 -11.816 14.762 116
-77.656 -14.304 15.310 198
-77.628 -14.363 15.110 110
-77.777 -14.611 15.386 159
-78.148 -15.251 15.679 91
-77.176 -13.468 15.005 212
-77.282 -13.724 14.830 207
-77.476 -14.030 15.042 204
-76.987 -13.171 14.919 194
-77.471 -14.031 15.296 209
-76.974 -13.163 15.141 195
-77.482 -14.034 15.489 204
-76.972 -13.158 15.365 196
-77.268 -13.739 14.822 173
-77.123 -13.509 15.241 119
-77.126 -13.517 15.430 119
-77.135 -13.526 15.620 110
-77.136 -13.536 15.872 119
-76.311 -12.051 14.988 215
-76.483 -12.322 15.248 198
-76.846 -12.901 15.560 190
-76.327 -12.055 15.436 209
-76.724 -12.601 15.716 11
-76.704 -12.117 15.922 39
-76.773 -12.889 14.895 176
-76.460 -12.328 15.067 210
-76.463 -12.334 15.256 221
-76.463 -12.339 15.444 212
-76.701 -12.384 15.745 141
-76.824 -12.409 15.960 57
-76.008 -11.493 15.541 191
-75.941 -10.987 15.726 118
-76.001 -11.491 15.945 200
-75.964 -11.287 15.756 212
-75.982 -11.521 15.953 218
-78.160 -15.279 16.321 142
-78.166 -15.288 16.514 136
-78.167 -15.299 16.771 138
-78.181 -15.313 17.031 150
-76.855 -14.131 16.483 119
-76.851 -14.122 16.864 147
-77.096 -13.179 16.028 211
-76.847 -14.183 16.260 45
-77.093 -13.182 16.214 204
-76.833 -14.182 16.449 62
-77.140 -13.480 16.495 227
-76.835 -14.185 16.641 56
-77.136 -13.484 16.686 238
-76.734 -13.909 16.845 255
-77.100 -13.179 16.855 204
-76.864 -14.211 17.100 40
-77.143 -13.494 17.137 232
-77.072 -13.227 16.223 229
-77.070 -13.234 16.477 226
-77.160 -13.582 16.886 141
-76.938 -13.762 17.096 210
-76.158 -11.895 16.623 173
-76.152 -11.774 16.200 236
-76.161 -11.768 16.418 235
-75.997 -11.487 16.573 200
-75.978 -11.268 16.786 221
-76.003 -11.492 17.023 200
-75.986 -11.529 16.204 212
-75.965 -11.309 16.378 224
-75.940 -10.794 16.552 25
-76.070 -11.143 16.833 23
-76.000 -11.554 17.023 221
-76.000 -11.559 17.212 218
-77.091 -14.590 18.307 159
-77.142 -13.410 17.544 207
-76.855 -14.099 17.951 187
-77.127 -13.393 18.182 198
-76.859 -14.089 18.401 223
-77.153 -13.500 17.332 246
-76.733 -13.916 17.485 251
-76.744 -13.902 17.908 245
-76.747 -13.940 18.106 249
-77.511 -13.102 17.648 48
-77.169 -13.623 17.775 164
-77.052 -13.272 17.944 215
-77.046 -13.277 18.135 201
-76.867 -13.797 18.355 204
-76.518 -12.868 18.231 126
-75.924 -12.012 18.066 224
-76.983 -13.003 17.273 93
-76.747 -12.802 18.286 93
-75.977 -11.372 17.241 224
-76.003 -11.502 17.410 210
-75.996 -11.345 17.664 200
-76.094 -11.629 17.887 207
-76.029 -11.242 18.076 170
-76.050 -11.566 18.316 198
-75.954 -11.345 17.438 181
-76.083 -11.184 17.708 42
-76.108 -11.197 17.902 45
-76.025 -11.589 18.102 221
-75.904 -11.369 18.243 144
-77.096 -14.606 18.694 130
-77.747 -14.575 19.481 110
-77.122 -13.370 19.082 201
-76.767 -13.859 18.659 147
-76.244 -13.023 19.259 116
-76.258 -13.159 18.523 215
-77.225 -13.683 18.873 102
-77.382 -13.918 19.188 175
-77.246 -13.721 19.584 110
-75.930 -12.399 18.762 158
-75.969 -12.542 18.951 157
-76.181 -11.820 18.979 214
-75.984 -12.226 19.168 141
-75.933 -12.544 19.583 154
-75.987 -12.701 18.670 96
-76.173 -12.942 19.053 68
-76.246 -12.016 19.026 113
-76.138 -12.194 19.464 96
-76.167 -11.813 18.592 242
-76.066 -11.589 18.736 202
-76.064 -11.583 19.374 208
-76.040 -11.611 18.740 207
-75.917 -11.424 19.574 113
-77.265 -13.734 19.782 96
-77.412 -13.783 20.272 11
-77.008 -13.814 20.406 34
-77.023 -13.733 20.557 136
-76.745 -13.874 20.707 204
-76.184 -11.828 19.623 213
-76.306 -12.428 20.135 144
-75.916 -12.010 20.597 235
-76.088 -12.202 19.833 71
-76.369 -12.258 20.163 56
-76.582 -12.131 20.383 11
-76.206 -12.248 20.504 102
-76.078 -11.599 19.794 191
-75.964 -11.369 19.977 226
-75.962 -11.368 20.234 222
-76.071 -11.589 20.434 202
-76.029 -11.171 20.645 107
-75.926 -10.913 20.411 40
-76.032 -11.613 20.688 200
-77.073 -13.169 21.025 161
-76.715 -13.909 21.609 212
-76.717 -13.921 21.871 227
-76.149 -11.839 20.905 246
-76.051 -11.936 21.780 250
-76.004 -10.996 20.843 39
-75.952 -11.366 21.070 215
-76.049 -11.563 21.301 201
-76.045 -11.553 21.529 192
-76.017 -10.997 21.691 28
-76.046 -11.556 21.949 195
-76.022 -10.803 21.916 28
-75.954 -11.320 20.826 139
-75.960 -11.493 21.052 173
-75.942 -10.945 21.250 31
-76.100 -11.716 21.579 215
-75.961 -10.964 21.708 28
-76.108 -11.731 21.970 218
-75.918 -10.775 21.915 14
-76.889 -13.807 22.336 142
-76.854 -13.034 22.489 91
-75.984 -12.691 22.644 255
-76.053 -11.936 22.765 221
-76.098 -12.920 22.526 142
-76.068 -11.566 22.172 221
-76.034 -10.795 22.151 24
-75.945 -11.364 22.367 181
-76.068 -11.553 22.627 207
-75.989 -11.547 22.155 176
-75.992 -11.556 22.350 167
-76.029 -11.595 23.075 164
-76.881 -13.087 23.347 108
-76.496 -12.420 23.378 147
-76.407 -12.283 23.628 96
-76.436 -12.330 24.357 93
-76.046 -11.529 23.272 204
-75.923 -11.348 23.410 193
-75.922 -11.451 23.254 96
-75.994 -11.567 25.035 108
-76.079 -11.706 25.191 176
-76.038 -11.662 26.436 102
-76.047 -11.676 26.638 96
