-67.281 26.140 1.876 34
-68.089 26.121 1.976 23
-66.920 25.985 2.091 21
-67.002 26.210 2.120 28
-69.260 26.050 2.194 20
-65.627 25.904 2.299 11
-67.405 25.998 2.295 26
-67.210 26.068 2.297 28
-67.125 26.240 2.350 20
-65.648 26.071 2.411 35
-65.724 25.910 2.456 22
-65.570 26.287 2.452 29
-67.779 25.951 2.488 39
-67.595 26.086 2.495 29
-68.202 25.841 2.557 11
-67.552 26.159 2.527 32
-65.579 26.097 2.584 27
-65.407 26.214 2.641 21
-65.770 25.765 2.803 37
-69.333 26.104 2.770 3
-65.814 25.968 2.847 30
-65.325 26.034 2.965 22
-65.268 26.160 2.939 17
-65.267 26.322 3.007 23
-64.795 24.397 -0.492 17
-67.653 24.460 -0.320 48
-67.062 23.475 -0.251 23
-67.190 23.296 -0.152 42
-67.631 24.446 -0.177 40
-66.956 25.195 -0.178 57
-68.120 23.396 -0.005 17
-67.024 23.261 0.016 38
-66.959 23.407 0.037 42
-67.388 24.182 0.040 34
-67.321 24.355 0.038 47
-67.347 23.000 0.215 29
-67.013 23.024 0.190 48
-67.402 24.385 0.188 30
-67.106 25.235 0.188 30
-67.004 23.234 0.246 52
-67.027 23.416 0.233 45
-67.687 24.484 0.312 0
-67.368 22.999 0.375 43
-67.242 23.107 0.380 37
-67.144 23.289 0.396 48
-67.071 23.451 0.390 33
-67.744 22.691 0.416 63
-67.527 22.856 0.414 40
-67.498 24.406 0.574 23
-67.875 22.730 0.614 28
-67.600 22.884 0.593 36
-67.523 23.055 0.588 22
-67.344 23.142 0.603 25
-67.238 23.335 0.577 38
-67.094 23.447 0.587 45
-67.961 22.788 0.749 48
-67.925 22.579 0.772 33
-67.514 22.833 0.804 33
-67.477 23.028 0.790 37
-67.546 23.220 0.763 17
-67.317 23.378 0.763 13
-67.217 23.524 0.780 22
-67.397 24.201 0.816 35
-67.206 24.314 0.853 34
-67.352 23.059 0.876 57
-67.672 22.487 0.946 24
-67.607 22.661 0.957 34
-67.516 22.839 0.963 36
-67.547 23.212 0.941 27
-67.392 23.369 0.960 31
-67.492 24.038 0.980 60
-67.500 24.242 0.975 40
-67.309 24.269 0.968 74
-67.669 22.886 1.092 17
-67.567 23.069 1.089 28
-67.409 23.398 1.130 56
-67.496 24.211 1.155 42
-69.013 21.936 1.167 57
-67.946 22.584 1.158 25
-67.826 22.725 1.160 34
-67.580 23.224 1.165 39
-67.578 24.036 1.170 65
-67.472 24.396 1.164 46
-67.219 25.281 1.174 55
-67.100 25.409 1.163 66
-69.042 22.167 1.244 48
-69.041 22.298 1.238 35
-69.002 22.565 1.226 0
-68.984 21.748 1.363 44
-68.909 21.888 1.355 65
-68.982 22.137 1.343 36
-68.877 22.304 1.359 47
-68.890 22.503 1.376 26
-68.566 22.793 1.346 27
-68.155 22.837 1.334 31
-67.693 22.877 1.374 29
-67.613 23.074 1.351 35
-67.573 23.221 1.333 47
-67.473 23.432 1.350 45
-67.555 24.058 1.331 50
-67.589 24.254 1.365 34
-67.555 24.416 1.360 27
-66.785 25.131 1.331 39
-66.673 25.253 1.358 51
-66.744 25.508 1.357 45
-66.945 25.047 1.439 17
-67.504 22.896 1.456 28
-67.578 23.223 1.501 35
-69.028 21.545 1.531 30
-68.879 21.678 1.558 18
-68.826 21.897 1.550 25
-68.698 22.259 1.529 31
-68.777 22.472 1.563 25
-68.488 22.767 1.514 24
-68.411 22.930 1.536 20
-67.574 23.110 1.513 24
-67.294 24.040 1.546 11
-67.755 25.159 1.545 27
-67.145 25.431 1.536 51
-67.199 25.710 1.554 48
-67.135 25.895 1.552 29
-67.363 24.035 1.612 34
-67.303 25.327 1.571 45
-68.189 22.832 1.634 23
-67.768 22.992 1.668 25
-67.685 23.140 1.654 26
-66.917 25.020 1.634 6
-68.912 21.501 1.716 35
-68.626 21.620 1.729 29
-68.836 21.880 1.704 20
-67.750 23.719 1.730 32
-67.469 23.997 1.717 34
-67.309 24.124 1.703 30
-67.259 25.726 1.730 37
-67.102 25.880 1.711 29
-67.009 25.954 1.723 29
-67.887 22.061 1.768 17
-68.616 22.426 1.749 26
-68.683 22.823 1.738 26
-67.159 24.899 1.776 39
-67.042 25.142 1.774 28
-67.054 25.519 1.776 17
-68.656 22.238 1.885 17
-67.357 21.991 1.865 0
-68.082 23.250 1.900 11
-67.629 24.069 1.895 36
-68.359 21.536 1.929 15
-68.212 21.691 1.948 25
-68.084 21.848 1.913 15
-68.695 23.020 1.921 22
-67.830 23.955 1.930 26
-67.275 24.949 1.925 37
-67.232 25.109 1.926 40
-67.239 25.253 1.931 28
-67.263 25.444 1.916 25
-67.341 25.965 1.960 6
-68.114 22.961 2.005 6
-67.902 21.593 2.078 9
-67.611 21.685 2.081 25
-67.576 21.886 2.052 41
-67.560 22.075 2.094 28
-68.486 22.774 2.090 18
-68.568 22.963 2.121 15
-68.213 23.144 2.130 23
-68.193 23.307 2.093 14
-68.082 24.015 2.103 24
-67.393 24.764 2.095 11
-67.316 24.972 2.098 23
-68.511 25.633 2.105 8
-67.046 25.827 2.124 45
-68.133 25.820 2.146 15
-67.311 25.770 2.149 28
-67.725 22.121 2.260 23
-68.156 22.813 2.254 0
-68.284 23.291 2.261 27
-67.726 25.775 2.249 28
-68.525 23.213 2.289 21
-67.230 24.528 2.293 17
-67.011 24.636 2.299 34
-66.904 24.785 2.318 17
-68.619 25.618 2.303 15
-67.437 25.821 2.281 35
-68.463 25.776 2.333 34
-67.657 22.650 2.404 0
-67.115 23.504 2.471 29
-67.144 23.671 2.469 28
-67.025 24.435 2.462 36
-66.990 24.632 2.466 43
-66.987 24.815 2.489 34
-66.949 24.978 2.471 34
-66.937 25.104 2.441 0
-65.753 25.724 2.450 13
-67.834 22.170 2.514 9
-67.100 22.776 2.523 6
-68.833 23.487 2.521 25
-67.693 22.504 2.616 17
-67.303 24.327 2.651 21
-67.120 24.464 2.619 22
-67.048 24.644 2.663 34
-66.934 24.824 2.647 22
-66.877 24.882 2.652 17
-65.637 25.706 2.631 0
-67.413 22.601 2.691 31
-68.191 23.875 2.703 20
-66.992 24.465 2.785 34
-67.320 22.371 2.832 18
-67.212 22.567 2.811 17
-66.929 24.608 2.840 44
-66.891 24.797 2.827 31
-66.854 24.928 2.819 35
-66.739 25.067 2.809 30
-66.190 25.676 2.827 18
-67.505 24.408 2.845 28
-67.123 22.507 2.992 21
-66.773 24.324 3.016 18
-66.132 25.775 2.992 34
-65.931 25.829 2.977 11
-65.761 25.954 3.005 32
-67.492 22.412 3.028 18
-66.672 23.941 3.034 28
-66.708 24.098 3.026 29
-67.323 24.725 3.038 17
-67.164 22.357 3.131 35
-67.487 26.040 3.145 18
-67.142 22.493 3.185 24
-66.831 23.793 3.191 28
-66.668 24.112 3.185 26
-66.043 26.054 3.171 21
-66.787 23.962 3.201 15
-66.734 24.528 3.224 35
-67.374 25.979 3.237 16
-67.340 26.082 3.247 33
-66.556 26.036 3.228 15
-67.383 22.366 3.332 12
-66.729 23.719 3.364 31
-66.690 23.901 3.334 24
-66.616 25.686 3.333 7
-66.607 25.809 3.383 12
-66.645 26.053 3.400 9
-68.506 24.781 3.455 9
-66.970 26.659 3.453 26
-66.589 25.486 3.590 13
-66.655 26.307 3.584 12
-66.186 26.517 3.571 12
-66.394 25.604 3.611 19
-66.397 26.393 3.604 13
-68.292 26.938 3.866 15
-67.871 26.990 4.113 20
-67.799 27.179 4.082 8
