-76.527 -7.660 12.132 227
-76.428 -7.898 12.393 224
-76.527 -8.379 12.629 251
-76.513 -8.386 12.845 252
-76.614 -8.310 12.381 255
-76.503 -8.057 12.574 193
-76.386 -7.825 12.737 193
-77.573 -1.748 12.771 108
-78.470 -11.891 13.713 223
-77.842 -11.105 13.985 119
-78.792 -11.666 13.856 255
-77.699 -9.807 13.044 232
-77.693 -9.800 13.420 221
-77.686 -9.789 14.048 204
-77.642 -10.048 13.091 255
-77.362 -10.229 13.259 255
-77.689 -10.024 13.406 255
-77.344 -10.242 13.674 255
-77.353 -10.233 13.887 255
-77.331 -10.419 12.925 204
-77.337 -10.428 13.174 255
-77.726 -9.976 13.392 255
-77.720 -9.982 13.642 255
-77.722 -9.989 13.893 255
-77.566 -10.740 14.066 164
-77.631 -9.540 12.857 224
-77.418 -9.246 13.070 241
-77.689 -9.531 13.316 141
-76.340 -8.878 13.241 90
-77.965 -9.310 13.763 94
-77.809 -9.299 13.928 94
-77.023 -9.458 14.009 140
-77.348 -9.155 13.129 255
-77.585 -9.477 14.022 136
-76.650 -7.636 12.886 141
-76.480 -7.651 13.053 207
-76.596 -8.140 13.284 238
-76.548 -7.382 13.240 96
-76.508 -8.382 13.495 251
-76.656 -7.644 13.509 62
-76.489 -8.392 13.682 238
-76.644 -7.645 13.694 68
-76.538 -7.652 13.871 62
-76.513 -8.071 13.002 210
-76.395 -7.837 13.231 210
-76.382 -7.838 13.352 227
-76.382 -7.842 13.537 215
-76.564 -8.342 13.787 255
-76.677 -7.360 13.817 102
-76.531 -8.105 13.984 210
-76.922 -2.210 13.237 48
-76.722 -0.441 13.338 117
-76.679 -0.435 13.497 68
-77.976 -11.323 14.223 85
-78.793 -11.673 14.111 255
-78.452 -12.152 14.274 249
-78.459 -12.159 14.465 232
-78.300 -11.374 14.609 130
-78.689 -11.440 14.936 201
-78.704 -11.456 15.320 193
-78.213 -10.608 15.301 218
-77.404 -10.496 14.094 255
-77.589 -10.790 14.355 228
-77.608 -9.764 14.309 134
-77.530 -10.264 14.529 168
-77.997 -10.335 14.848 225
-77.818 -10.061 15.021 207
-77.640 -9.776 15.204 219
-77.359 -10.468 14.232 255
-77.595 -9.754 14.762 198
-78.149 -10.597 15.007 193
-77.613 -9.768 15.078 207
-76.537 -9.148 14.325 224
-77.058 -9.209 14.642 160
-77.108 -8.949 14.841 210
-76.940 -8.682 15.059 226
-76.944 -8.691 15.239 232
-76.852 -9.126 14.097 193
-76.839 -9.648 14.309 96
-77.238 -9.191 14.793 201
-76.909 -8.671 14.951 232
-77.082 -8.952 15.210 193
-76.412 -7.881 14.098 185
-76.502 -8.394 14.308 232
-76.632 -8.405 14.549 196
-76.583 -8.138 14.729 209
-76.544 -8.131 14.662 193
-76.394 -7.879 15.026 223
-76.731 -8.404 15.306 226
-78.726 -11.493 16.217 198
-77.416 -10.475 16.412 243
-77.635 -9.777 15.394 215
-78.204 -10.371 15.740 113
-77.640 -9.782 15.841 218
-77.718 -10.042 16.157 147
-77.644 -9.786 16.226 222
-77.407 -10.519 16.447 216
-77.801 -10.041 15.355 232
-78.409 -10.902 15.682 121
-77.619 -9.792 15.706 187
-77.747 -10.060 16.168 91
-77.399 -10.554 16.367 153
-77.397 -10.561 16.555 124
-77.325 -9.245 15.547 211
-77.291 -8.726 15.942 56
-77.267 -8.720 16.165 52
-77.627 -9.522 16.484 181
-77.447 -9.497 15.510 224
-76.938 -8.689 15.583 238
-77.196 -8.989 15.856 116
-77.616 -9.540 16.369 164
-76.745 -8.961 16.385 17
-76.585 -8.141 15.356 216
-76.900 -8.438 15.641 170
-76.374 -7.643 15.706 170
-76.463 -7.655 15.975 107
-76.551 -8.399 16.200 132
-76.492 -7.633 16.178 107
-76.587 -8.129 16.432 225
-76.526 -7.375 16.408 54
-76.391 -7.894 15.648 218
-77.150 -8.470 16.016 45
-76.509 -7.419 15.877 23
-76.580 -8.188 16.089 209
-76.409 -7.912 16.277 235
-76.443 -8.412 16.492 249
-76.527 -7.445 16.500 57
-78.764 -11.543 17.315 193
-78.760 -11.548 17.443 210
-77.652 -9.735 16.637 227
-77.638 -9.716 17.464 221
-77.323 -10.255 16.625 253
-77.406 -10.522 16.831 205
-77.647 -9.810 17.065 227
-77.655 -9.816 17.324 221
-77.416 -10.551 17.480 147
-77.610 -10.063 16.773 255
-77.679 -9.879 17.675 215
-77.635 -9.514 16.879 168
-76.328 -8.809 17.029 221
-76.328 -8.882 17.198 79
-76.332 -8.885 17.452 76
-77.613 -9.557 17.006 221
-77.602 -9.561 17.195 249
-77.627 -9.571 17.457 215
-76.483 -8.399 16.624 240
-76.469 -7.627 16.614 102
-76.447 -7.664 16.791 130
-76.413 -7.870 16.982 231
-76.594 -8.148 17.248 233
-76.322 -7.376 17.174 90
-76.590 -8.138 17.482 228
-76.336 -7.366 17.411 118
-76.501 -7.680 17.626 124
-76.420 -7.925 16.718 249
-76.419 -7.930 16.906 241
-76.418 -8.431 17.112 255
-76.458 -7.466 17.168 40
-76.410 -7.692 17.348 235
-76.425 -7.948 17.536 252
-76.430 -7.956 17.790 241
-77.416 -10.560 17.930 113
-77.462 -10.571 18.134 110
-77.394 -10.351 18.769 91
-77.553 -10.095 17.907 252
-77.689 -9.900 18.122 210
-77.489 -10.650 18.348 164
-77.522 -10.114 18.540 235
-77.707 -9.931 18.764 212
-77.624 -9.705 17.910 227
-76.331 -8.882 17.810 75
-77.063 -9.208 18.238 171
-76.706 -9.387 18.374 245
-76.367 -8.776 18.679 201
-76.391 -8.772 18.938 193
-77.794 -9.136 17.876 91
-77.449 -9.333 18.249 133
-76.833 -9.051 18.284 113
-76.418 -9.013 18.436 150
-76.606 -9.255 18.683 192
-76.807 -9.521 18.992 108
-76.763 -8.533 18.959 153
-76.598 -8.151 17.883 235
-76.428 -7.356 17.831 79
-76.505 -8.393 18.091 245
-76.504 -7.534 18.091 96
-76.344 -7.673 18.225 195
-76.490 -7.970 18.731 212
-76.491 -7.969 18.922 211
-76.628 -8.273 18.032 255
-76.444 -7.968 18.172 218
-76.450 -7.976 18.427 238
-76.627 -8.304 18.722 232
-76.360 -7.202 17.950 74
-78.260 -10.785 19.175 193
-78.286 -10.816 19.763 187
-77.615 -9.675 19.195 187
-76.425 -8.707 19.176 175
-76.734 -9.409 19.488 119
-76.618 -8.597 19.409 130
-76.541 -9.144 19.653 83
-76.389 -8.917 19.763 181
-76.393 -8.935 20.000 126
-76.791 -9.525 19.180 113
-76.782 -8.542 19.155 159
-76.641 -9.287 19.391 119
-76.808 -8.552 19.352 190
-76.479 -9.071 19.522 102
-76.476 -9.079 19.710 88
-76.334 -8.747 19.941 167
-76.467 -7.943 19.142 228
-76.785 -8.422 19.655 196
-76.616 -8.191 19.805 201
-76.612 -8.194 20.062 218
-76.617 -8.196 20.256 215
-76.347 -7.282 20.171 51
-76.477 -8.009 19.451 235
-76.483 -8.018 19.708 246
-76.355 -7.782 19.857 221
-76.530 -7.607 20.135 34
-77.765 -10.011 20.320 178
-77.523 -10.111 20.947 255
-77.371 -10.199 21.147 255
-76.372 -8.498 20.431 157
-76.325 -8.492 20.805 249
-76.320 -8.491 21.062 245
-76.323 -8.491 21.257 249
-77.168 -8.628 20.342 85
-77.307 -8.871 20.585 99
-76.404 -7.754 20.423 235
-76.474 -7.950 20.649 218
-76.400 -7.753 20.809 248
-76.399 -7.752 21.067 239
-76.399 -7.752 21.261 243
-76.469 -7.941 21.488 214
-76.373 -7.802 20.307 204
-76.364 -7.809 20.496 224
-76.489 -7.635 20.759 62
-76.420 -7.737 20.977 150
-76.424 -7.713 21.154 134
-76.404 -7.662 21.436 138
-77.359 -10.213 21.534 255
-77.352 -10.218 21.663 255
-77.583 -10.076 22.020 244
-77.538 -10.105 22.660 227
-76.833 -9.487 22.360 159
-76.791 -9.478 22.478 255
-76.320 -8.490 21.710 249
-76.335 -8.866 21.952 102
-76.455 -9.037 22.633 255
-77.505 -9.329 22.432 91
-76.693 -9.431 22.624 255
-76.445 -7.543 21.697 75
-76.469 -7.936 21.943 218
-76.582 -7.569 22.168 51
-76.382 -7.748 22.361 208
-76.479 -7.937 22.607 221
-76.421 -8.429 21.650 221
-76.380 -7.867 21.847 221
-76.387 -7.877 22.042 221
-76.472 -7.347 22.266 42
-76.547 -8.119 22.565 232
-76.438 -7.184 21.917 17
-76.701 -9.441 22.822 249
-76.570 -8.518 23.045 172
-76.939 -8.732 23.330 204
-76.958 -8.744 23.533 207
-76.332 -7.735 23.197 244
-76.456 -7.900 23.710 221
-76.447 -7.893 23.904 215
-76.543 -8.126 22.760 244
-76.446 -7.954 23.617 229
-76.450 -7.973 24.011 218
-76.332 -7.811 24.250 184
-76.350 -7.825 24.451 181
-76.389 -7.896 25.577 178
-76.401 -7.914 25.844 173
-76.416 -7.940 26.246 181
-76.429 -7.971 26.714 176
-76.600 -0.259 17.032 23
-76.757 -0.461 21.814 111
